115 183 0.545098 
114 183 0.52549 
113 183 0.454902 
112 183 0.341176 
111 183 0.215686 
110 183 0.117647 
109 183 0.054902 
108 183 0.0235294 
107 183 0.0156863 
107 182 0.0156863 
106 183 0.0156863 
105 184 0.0196078 
104 185 0.0196078 
103 185 0.0117647 
102 185 0.00784314 
101 185 0.00784314 
100 185 0.00784314 
100 184 0.00784314 
99 185 0.00784314 
99 184 0.00784314 
98 184 0.00392157 
97 184 0.00392157 
97 183 0.00392157 
96 184 0.00392157 
96 183 0.00392157 
95 183 0.00392157 
95 182 0.00392157 
94 183 0.00392157 
94 182 0.00392157 
94 181 0.00392157 
93 182 0.00392157 
93 181 0.00392157 
93 180 0.00392157 
92 181 0.00392157 
92 180 0.00392157 
91 181 0.00392157 
91 180 0.00392157 
90 181 0.00392157 
90 180 0.00392157 
90 179 0.00392157 
89 180 0.00392157 
89 179 0.00392157 
88 180 0.00392157 
88 179 0.00392157 
87 179 0 
86 179 0 
85 180 0 
85 179 0 
85 178 0 
84 179 0 
84 178 0 
116 183 0.533333 
117 183 0.533333 
117 182 0.537255 
117 181 0.541176 
118 180 0.533333 
118 179 0.533333 
118 178 0.533333 
118 177 0.521569 
118 176 0.501961 
118 175 0.482353 
119 174 0.45098 
120 173 0.380392 
121 172 0.258824 
122 171 0.141176 
123 171 0.0862745 
124 171 0.054902 
125 171 0.0431373 
126 171 0.0392157 
126 170 0.0431373 
127 169 0.0431373 
128 168 0.0352941 
129 168 0.027451 
130 168 0.027451 
130 169 0.0313725 
131 169 0.0352941 
132 169 0.0392157 
132 170 0.0470588 
133 170 0.0431373 
134 170 0.0431373 
135 170 0.0431373 
135 171 0.0470588 
136 171 0.0509804 
137 171 0.0666667 
137 172 0.0823529 
138 172 0.101961 
138 173 0.121569 
138 174 0.137255 
138 175 0.137255 
138 176 0.12549 
138 177 0.109804 
137 178 0.0823529 
136 179 0.0431373 
135 180 0.0196078 
135 181 0.0117647 
135 182 0.0117647 
135 183 0.0117647 
136 183 0.00784314 
135 184 0.0117647 
135 185 0.0117647 
135 186 0.0117647 
135 187 0.00784314 
135 188 0.00392157 
134 189 0.00392157 
133 190 0.00392157 
132 191 0.00784314 
131 192 0.00784314 
131 191 0.00784314 
130 192 0.00784314 
129 192 0.00392157 
128 192 0.00392157 
127 192 0.00392157 
126 192 0.00392157 
125 192 0.00392157 
73 180 0.6 
72 180 0.560784 
71 180 0.505882 
70 180 0.466667 
69 180 0.462745 
68 180 0.486275 
68 179 0.521569 
67 179 0.537255 
66 179 0.545098 
65 179 0.541176 
64 179 0.533333 
63 180 0.505882 
62 181 0.458824 
61 181 0.454902 
61 182 0.462745 
60 182 0.490196 
59 182 0.529412 
58 182 0.533333 
57 182 0.478431 
56 182 0.384314 
55 182 0.290196 
54 182 0.231373 
53 182 0.219608 
53 181 0.207843 
53 180 0.192157 
53 179 0.184314 
52 179 0.2 
52 178 0.196078 
52 177 0.207843 
51 177 0.219608 
51 176 0.211765 
51 175 0.219608 
50 175 0.207843 
49 175 0.207843 
49 174 0.196078 
48 174 0.188235 
47 174 0.172549 
46 175 0.137255 
45 175 0.0941176 
44 175 0.054902 
43 176 0.0196078 
42 176 0.00784314 
42 177 0.00392157 
41 178 0.00392157 
40 178 0 
40 177 0 
39 177 0 
39 176 0 
38 177 0 
38 176 0 
37 177 0 
37 176 0 
36 177 0 
74 180 0.596078 
75 180 0.529412 
76 180 0.415686 
77 180 0.286275 
78 180 0.176471 
79 180 0.0980392 
80 180 0.0509804 
81 180 0.0235294 
82 180 0.00784314 
83 180 0.00392157 
199 232 0.647059 
198 233 0.580392 
197 234 0.439216 
197 235 0.32549 
197 236 0.239216 
197 237 0.196078 
196 237 0.2 
196 236 0.227451 
195 236 0.266667 
195 235 0.317647 
194 235 0.352941 
193 235 0.388235 
193 234 0.376471 
192 234 0.333333 
191 234 0.282353 
191 233 0.215686 
190 233 0.160784 
190 232 0.117647 
190 231 0.0980392 
189 231 0.0784314 
189 230 0.0705882 
189 229 0.0823529 
188 229 0.0941176 
187 229 0.129412 
186 229 0.176471 
185 229 0.219608 
184 229 0.239216 
183 229 0.223529 
182 229 0.172549 
181 229 0.113725 
180 229 0.0705882 
179 229 0.0627451 
179 228 0.0509804 
178 228 0.054902 
178 227 0.0666667 
177 227 0.0823529 
176 227 0.105882 
175 227 0.133333 
175 226 0.141176 
174 226 0.141176 
173 226 0.145098 
173 225 0.117647 
173 224 0.101961 
172 224 0.0666667 
172 223 0.0509804 
171 223 0.027451 
171 222 0.0156863 
170 222 0.00784314 
170 221 0.00784314 
169 221 0.00392157 
200 231 0.643137 
201 231 0.611765 
202 231 0.568627 
203 231 0.52549 
204 231 0.486275 
205 231 0.470588 
205 232 0.447059 
206 232 0.427451 
206 233 0.443137 
207 233 0.431373 
208 233 0.45098 
209 233 0.486275 
210 233 0.529412 
211 232 0.611765 
212 231 0.619608 
213 230 0.486275 
214 229 0.309804 
215 228 0.203922 
216 228 0.168627 
217 228 0.145098 
218 228 0.137255 
219 227 0.137255 
219 226 0.141176 
220 225 0.160784 
221 225 0.192157 
222 225 0.239216 
223 224 0.290196 
224 224 0.313725 
225 223 0.313725 
226 223 0.286275 
227 223 0.258824 
228 223 0.243137 
229 222 0.305882 
230 221 0.415686 
231 220 0.447059 
232 219 0.372549 
233 218 0.298039 
234 218 0.286275 
235 218 0.301961 
235 219 0.301961 
236 219 0.305882 
236 220 0.305882 
237 220 0.27451 
238 220 0.239216 
239 220 0.2 
240 220 0.156863 
241 220 0.117647 
242 220 0.0862745 
242 221 0.0705882 
243 221 0.0588235 
244 221 0.054902 
244 222 0.054902 
245 222 0.0509804 
246 221 0.0509804 
246 222 0.0509804 
247 221 0.0509804 
247 222 0.0509804 
248 222 0.0470588 
249 222 0.0431373 
250 222 0.0392157 
251 222 0.0313725 
252 222 0.0235294 
253 222 0.0156863 
254 222 0.0117647 
254 221 0.0117647 
128 205 0.65098 
128 206 0.635294 
128 207 0.635294 
129 207 0.639216 
130 207 0.643137 
130 208 0.647059 
131 208 0.643137 
131 209 0.639216 
132 209 0.623529 
132 210 0.596078 
132 211 0.568627 
133 211 0.541176 
133 212 0.509804 
134 212 0.501961 
134 213 0.494118 
134 214 0.505882 
135 214 0.52549 
135 215 0.537255 
135 216 0.537255 
136 216 0.505882 
137 216 0.462745 
137 217 0.396078 
138 217 0.337255 
138 218 0.301961 
139 218 0.286275 
139 219 0.313725 
140 219 0.352941 
140 220 0.403922 
140 221 0.447059 
140 222 0.454902 
140 223 0.419608 
140 224 0.34902 
140 225 0.254902 
140 226 0.172549 
140 227 0.121569 
140 228 0.113725 
141 227 0.12549 
142 227 0.152941 
143 226 0.176471 
144 225 0.176471 
145 224 0.160784 
146 224 0.141176 
147 224 0.141176 
147 225 0.160784 
148 225 0.156863 
149 225 0.156863 
150 225 0.164706 
151 225 0.184314 
152 225 0.223529 
153 225 0.278431 
154 224 0.305882 
155 224 0.294118 
156 223 0.235294 
157 223 0.196078 
158 223 0.188235 
159 222 0.219608 
160 222 0.254902 
161 222 0.27451 
162 222 0.262745 
163 222 0.215686 
164 222 0.152941 
165 222 0.0941176 
166 222 0.0509804 
167 222 0.0235294 
168 222 0.0117647 
128 204 0.65098 
128 203 0.611765 
128 202 0.517647 
128 201 0.396078 
128 200 0.278431 
128 199 0.2 
129 198 0.121569 
129 197 0.0941176 
129 196 0.0666667 
129 195 0.0392157 
129 194 0.0196078 
129 193 0.00784314 
304 151 0.65098 
303 152 0.623529 
302 152 0.6 
301 153 0.596078 
301 152 0.6 
301 151 0.611765 
300 151 0.615686 
300 150 0.615686 
299 150 0.611765 
299 149 0.596078 
299 148 0.588235 
298 148 0.584314 
298 147 0.584314 
299 146 0.596078 
299 145 0.603922 
300 144 0.611765 
301 143 0.615686 
301 142 0.623529 
301 141 0.635294 
302 140 0.631373 
302 139 0.607843 
303 138 0.564706 
303 137 0.533333 
303 136 0.517647 
303 135 0.529412 
302 135 0.541176 
302 134 0.568627 
301 134 0.584314 
300 134 0.596078 
300 133 0.584314 
299 133 0.556863 
299 132 0.52549 
298 132 0.478431 
298 131 0.454902 
297 131 0.439216 
297 130 0.447059 
296 130 0.47451 
296 129 0.501961 
296 128 0.52549 
296 127 0.52549 
296 126 0.513725 
296 125 0.505882 
296 124 0.513725 
295 124 0.52549 
295 123 0.545098 
294 123 0.54902 
293 123 0.54902 
293 122 0.537255 
292 122 0.509804 
292 121 0.466667 
292 120 0.407843 
292 119 0.341176 
292 118 0.27451 
292 117 0.215686 
291 117 0.168627 
291 116 0.133333 
291 115 0.121569 
305 150 0.627451 
306 150 0.560784 
307 149 0.427451 
308 149 0.305882 
309 149 0.211765 
310 149 0.152941 
311 148 0.113725 
90 148 0.654902 
90 147 0.635294 
90 146 0.588235 
90 145 0.517647 
90 144 0.427451 
90 143 0.337255 
90 142 0.266667 
90 141 0.231373 
90 140 0.247059 
89 140 0.294118 
89 139 0.337255 
89 138 0.415686 
89 137 0.505882 
89 136 0.560784 
89 135 0.552941 
89 134 0.486275 
89 133 0.380392 
89 132 0.270588 
89 131 0.196078 
89 130 0.14902 
89 129 0.12549 
88 129 0.0980392 
88 128 0.0823529 
88 127 0.0666667 
88 126 0.0509804 
88 125 0.0352941 
89 124 0.0156863 
90 123 0.0117647 
90 122 0.0196078 
90 121 0.0352941 
90 120 0.0627451 
90 119 0.0901961 
90 118 0.105882 
90 117 0.109804 
90 116 0.101961 
90 115 0.0901961 
90 114 0.0823529 
90 113 0.0784314 
90 112 0.0745098 
90 111 0.0705882 
90 110 0.0705882 
89 110 0.054902 
89 109 0.0509804 
88 109 0.0392157 
88 108 0.0313725 
87 108 0.0196078 
87 107 0.0156863 
86 107 0.00784314 
86 106 0.00784314 
85 106 0.00392157 
84 107 0.00392157 
84 106 0.00392157 
83 107 0.00392157 
83 106 0.00392157 
82 107 0.00392157 
82 106 0.00392157 
81 107 0.00392157 
81 106 0.00392157 
81 105 0.00392157 
90 149 0.639216 
90 150 0.568627 
90 151 0.458824 
90 152 0.329412 
90 153 0.219608 
90 154 0.141176 
90 155 0.105882 
91 155 0.0901961 
91 156 0.0941176 
90 157 0.105882 
90 158 0.113725 
89 159 0.113725 
89 160 0.113725 
88 161 0.113725 
87 162 0.141176 
87 163 0.168627 
86 164 0.247059 
86 165 0.321569 
85 166 0.396078 
84 167 0.407843 
84 168 0.384314 
84 169 0.337255 
84 170 0.270588 
84 171 0.2 
84 172 0.129412 
84 173 0.0745098 
84 174 0.0352941 
84 175 0.0156863 
84 176 0.00392157 
84 177 0.00392157 
76 29 0.666667 
76 30 0.647059 
76 31 0.615686 
76 32 0.6 
75 32 0.6 
74 32 0.564706 
73 32 0.478431 
72 33 0.333333 
71 33 0.239216 
70 34 0.176471 
69 34 0.152941 
68 34 0.152941 
76 28 0.658824 
76 27 0.623529 
76 26 0.596078 
76 25 0.580392 
77 24 0.556863 
78 23 0.458824 
79 23 0.34902 
80 23 0.239216 
81 23 0.160784 
82 22 0.105882 
82 21 0.0941176 
83 20 0.0823529 
49 100 0.67451 
50 100 0.666667 
51 100 0.654902 
52 100 0.635294 
53 100 0.611765 
54 100 0.584314 
55 100 0.556863 
56 100 0.537255 
57 100 0.52549 
58 100 0.529412 
58 99 0.545098 
58 98 0.560784 
58 97 0.560784 
58 96 0.529412 
58 95 0.486275 
59 94 0.423529 
59 93 0.392157 
60 92 0.368627 
61 91 0.372549 
61 90 0.396078 
61 89 0.431373 
61 88 0.466667 
62 87 0.470588 
63 86 0.396078 
64 85 0.25098 
65 84 0.12549 
66 83 0.054902 
67 83 0.0352941 
68 83 0.0235294 
69 83 0.0196078 
69 84 0.0196078 
70 83 0.0196078 
70 84 0.0235294 
70 85 0.0313725 
70 86 0.0470588 
70 87 0.0745098 
71 87 0.109804 
71 88 0.14902 
71 89 0.196078 
72 89 0.223529 
72 90 0.254902 
73 90 0.25098 
74 90 0.231373 
74 91 0.203922 
75 91 0.168627 
75 92 0.141176 
76 92 0.121569 
76 93 0.0941176 
76 94 0.0823529 
76 95 0.0705882 
76 96 0.0666667 
77 96 0.0666667 
77 97 0.0666667 
77 98 0.0784314 
78 98 0.0823529 
78 99 0.0862745 
78 100 0.0862745 
78 101 0.0745098 
78 102 0.054902 
78 103 0.0352941 
78 104 0.027451 
79 104 0.0156863 
80 104 0.0117647 
80 105 0.00784314 
48 100 0.67451 
47 100 0.662745 
46 100 0.65098 
46 99 0.635294 
45 99 0.631373 
44 99 0.639216 
43 99 0.639216 
42 99 0.596078 
41 99 0.498039 
40 99 0.364706 
39 99 0.239216 
38 99 0.152941 
37 99 0.109804 
36 99 0.105882 
36 98 0.105882 
36 97 0.117647 
35 97 0.133333 
35 96 0.14902 
35 95 0.164706 
35 94 0.176471 
35 93 0.180392 
35 92 0.164706 
35 91 0.141176 
35 90 0.121569 
35 89 0.113725 
34 89 0.117647 
34 88 0.12549 
34 87 0.133333 
34 86 0.137255 
34 85 0.129412 
34 84 0.12549 
35 83 0.156863 
35 82 0.188235 
36 81 0.243137 
36 80 0.282353 
37 79 0.282353 
38 78 0.243137 
38 77 0.203922 
38 76 0.164706 
38 75 0.137255 
39 75 0.129412 
39 74 0.133333 
38 74 0.133333 
37 74 0.141176 
36 74 0.152941 
35 74 0.164706 
35 73 0.160784 
34 73 0.160784 
34 72 0.164706 
33 72 0.168627 
33 71 0.168627 
33 70 0.188235 
32 70 0.184314 
32 69 0.180392 
32 68 0.192157 
31 68 0.180392 
31 67 0.188235 
31 66 0.211765 
32 65 0.207843 
33 64 0.156863 
33 63 0.113725 
33 62 0.0823529 
33 61 0.0666667 
33 60 0.0588235 
303 224 0.713725 
304 224 0.701961 
305 224 0.678431 
306 224 0.647059 
307 223 0.607843 
308 223 0.580392 
309 222 0.556863 
310 222 0.537255 
311 221 0.498039 
312 221 0.466667 
313 220 0.431373 
314 220 0.419608 
315 220 0.419608 
316 220 0.427451 
317 220 0.431373 
318 220 0.427451 
319 220 0.423529 
320 219 0.423529 
320 218 0.427451 
320 217 0.443137 
320 216 0.470588 
320 215 0.501961 
320 214 0.501961 
320 213 0.466667 
320 212 0.388235 
320 211 0.290196 
320 210 0.192157 
320 209 0.117647 
320 208 0.0705882 
320 207 0.0431373 
320 206 0.0352941 
302 224 0.701961 
301 224 0.67451 
300 224 0.647059 
299 224 0.639216 
299 223 0.639216 
299 222 0.647059 
298 222 0.658824 
298 221 0.686275 
297 221 0.705882 
296 221 0.713725 
295 221 0.713725 
294 221 0.709804 
294 220 0.694118 
293 220 0.690196 
293 219 0.678431 
292 219 0.666667 
291 219 0.65098 
290 219 0.607843 
289 219 0.545098 
288 220 0.45098 
287 220 0.384314 
286 221 0.317647 
285 222 0.243137 
284 223 0.156863 
284 224 0.133333 
283 224 0.12549 
283 223 0.137255 
282 223 0.133333 
281 223 0.133333 
280 223 0.12549 
280 222 0.121569 
279 222 0.101961 
278 222 0.0862745 
277 222 0.0745098 
276 222 0.0627451 
275 222 0.0509804 
275 221 0.0431373 
274 221 0.0352941 
273 221 0.027451 
272 221 0.0235294 
272 220 0.0196078 
271 220 0.0156863 
270 220 0.0117647 
269 220 0.0117647 
268 220 0.0196078 
267 220 0.027451 
266 221 0.0470588 
265 221 0.0588235 
264 221 0.0627451 
263 221 0.0666667 
262 221 0.0588235 
261 221 0.0470588 
260 221 0.0313725 
259 221 0.0235294 
258 221 0.0156863 
257 221 0.0117647 
256 221 0.0117647 
255 221 0.0117647 
179 173 0.752941 
179 172 0.721569 
179 171 0.686275 
179 170 0.67451 
180 170 0.67451 
180 169 0.678431 
180 168 0.682353 
181 167 0.666667 
181 166 0.627451 
182 165 0.552941 
182 164 0.490196 
182 163 0.439216 
182 162 0.396078 
182 161 0.364706 
182 160 0.341176 
182 159 0.333333 
183 159 0.333333 
183 158 0.341176 
184 157 0.352941 
184 156 0.34902 
185 155 0.333333 
185 154 0.32549 
184 154 0.329412 
184 153 0.321569 
184 152 0.317647 
183 152 0.305882 
183 151 0.282353 
182 151 0.254902 
181 151 0.231373 
181 150 0.215686 
180 150 0.207843 
180 149 0.207843 
179 149 0.211765 
179 148 0.203922 
179 147 0.196078 
179 146 0.184314 
178 146 0.160784 
178 145 0.152941 
177 145 0.14902 
177 144 0.160784 
176 144 0.188235 
176 143 0.223529 
175 143 0.270588 
175 142 0.313725 
175 141 0.356863 
175 140 0.392157 
175 139 0.411765 
174 139 0.427451 
174 138 0.443137 
173 138 0.458824 
173 137 0.47451 
172 137 0.482353 
171 137 0.482353 
170 137 0.47451 
170 136 0.447059 
169 136 0.4 
168 136 0.333333 
167 136 0.270588 
167 135 0.215686 
166 135 0.160784 
165 135 0.129412 
165 134 0.105882 
164 134 0.0980392 
164 133 0.0901961 
163 133 0.0941176 
163 132 0.0901961 
179 174 0.74902 
179 175 0.701961 
179 176 0.639216 
179 177 0.584314 
179 178 0.54902 
180 178 0.494118 
180 179 0.443137 
180 180 0.4 
181 180 0.356863 
181 181 0.313725 
181 182 0.301961 
182 182 0.286275 
182 183 0.27451 
182 184 0.266667 
183 184 0.262745 
183 185 0.239216 
183 186 0.235294 
183 187 0.254902 
182 187 0.313725 
181 188 0.411765 
180 189 0.403922 
179 190 0.313725 
178 191 0.266667 
177 192 0.333333 
176 192 0.415686 
175 192 0.505882 
174 192 0.556863 
173 192 0.564706 
172 192 0.560784 
171 193 0.564706 
170 194 0.541176 
169 195 0.470588 
168 196 0.427451 
168 197 0.419608 
168 198 0.407843 
168 199 0.388235 
168 200 0.368627 
169 200 0.341176 
169 201 0.305882 
169 202 0.278431 
169 203 0.247059 
169 204 0.211765 
169 205 0.180392 
169 206 0.164706 
169 207 0.184314 
170 207 0.184314 
170 208 0.223529 
170 209 0.301961 
170 210 0.392157 
170 211 0.45098 
170 212 0.454902 
170 213 0.403922 
170 214 0.32549 
169 215 0.211765 
169 216 0.14902 
169 217 0.0980392 
169 218 0.0588235 
169 219 0.0313725 
169 220 0.0117647 
29 31 0.760784 
30 30 0.709804 
31 30 0.623529 
32 30 0.54902 
33 29 0.52549 
34 29 0.560784 
35 29 0.623529 
36 28 0.654902 
37 28 0.639216 
38 28 0.603922 
39 28 0.584314 
39 29 0.576471 
39 30 0.568627 
39 31 0.560784 
39 32 0.54902 
39 33 0.545098 
40 33 0.541176 
40 34 0.545098 
40 35 0.572549 
41 35 0.596078 
41 36 0.623529 
41 37 0.647059 
42 37 0.658824 
43 37 0.65098 
44 37 0.603922 
45 37 0.505882 
46 37 0.396078 
47 37 0.309804 
47 38 0.25098 
48 38 0.211765 
49 38 0.211765 
50 37 0.270588 
51 36 0.368627 
52 35 0.47451 
53 34 0.537255 
54 33 0.52549 
55 33 0.466667 
56 33 0.407843 
57 32 0.352941 
58 32 0.337255 
59 32 0.341176 
60 32 0.352941 
61 32 0.364706 
61 33 0.372549 
62 33 0.364706 
63 33 0.356863 
63 34 0.333333 
64 34 0.290196 
65 34 0.243137 
66 34 0.2 
67 34 0.168627 
28 32 0.733333 
27 33 0.694118 
26 33 0.690196 
25 34 0.698039 
24 35 0.662745 
23 35 0.568627 
22 35 0.439216 
21 35 0.317647 
20 35 0.243137 
19 35 0.215686 
19 36 0.211765 
19 37 0.211765 
18 37 0.227451 
17 38 0.258824 
16 39 0.317647 
16 40 0.396078 
15 41 0.509804 
15 42 0.576471 
14 43 0.607843 
14 44 0.607843 
14 45 0.607843 
15 45 0.592157 
15 46 0.584314 
16 46 0.580392 
16 47 0.572549 
16 48 0.572549 
16 49 0.584314 
16 50 0.6 
16 51 0.615686 
16 52 0.627451 
16 53 0.643137 
16 54 0.65098 
16 55 0.658824 
16 56 0.67451 
17 56 0.690196 
17 57 0.698039 
17 58 0.705882 
17 59 0.705882 
17 60 0.690196 
17 61 0.662745 
18 61 0.623529 
18 62 0.576471 
18 63 0.541176 
19 63 0.505882 
19 64 0.490196 
20 64 0.482353 
21 63 0.513725 
22 62 0.603922 
23 61 0.694118 
24 60 0.670588 
25 59 0.501961 
26 58 0.301961 
27 58 0.196078 
28 58 0.137255 
29 58 0.109804 
30 58 0.0941176 
31 58 0.0862745 
31 59 0.0784314 
32 59 0.0666667 
32 60 0.0666667 
304 158 0.764706 
305 158 0.737255 
306 158 0.678431 
307 158 0.6 
307 159 0.490196 
308 159 0.396078 
308 160 0.301961 
309 160 0.258824 
309 161 0.235294 
310 161 0.270588 
310 162 0.329412 
311 162 0.411765 
312 162 0.509804 
312 163 0.572549 
313 163 0.6 
314 163 0.588235 
315 163 0.564706 
315 164 0.54902 
316 164 0.545098 
317 163 0.568627 
318 163 0.584314 
319 163 0.572549 
320 163 0.537255 
321 163 0.486275 
322 163 0.439216 
323 163 0.4 
324 163 0.360784 
325 163 0.321569 
326 163 0.290196 
327 163 0.266667 
327 164 0.227451 
328 164 0.2 
328 165 0.160784 
329 165 0.133333 
329 166 0.101961 
330 166 0.0901961 
330 167 0.0705882 
330 168 0.0666667 
331 168 0.0627451 
331 169 0.0666667 
331 170 0.0666667 
331 171 0.0705882 
331 172 0.0745098 
332 172 0.0705882 
332 173 0.0705882 
332 174 0.0745098 
332 175 0.0784314 
331 176 0.0784314 
331 177 0.0784314 
330 178 0.0745098 
330 179 0.0745098 
329 180 0.0941176 
328 181 0.145098 
327 182 0.211765 
326 182 0.25098 
325 183 0.25098 
324 184 0.2 
323 185 0.152941 
322 185 0.133333 
321 185 0.133333 
320 186 0.137255 
319 187 0.137255 
318 188 0.12549 
317 188 0.113725 
316 189 0.101961 
315 189 0.0901961 
314 190 0.0823529 
314 191 0.0784314 
314 192 0.0705882 
314 193 0.0666667 
314 194 0.0705882 
314 195 0.0862745 
314 196 0.109804 
314 197 0.152941 
314 198 0.211765 
314 199 0.282353 
314 200 0.333333 
314 201 0.345098 
314 202 0.313725 
314 203 0.243137 
314 204 0.168627 
314 205 0.109804 
314 206 0.0784314 
313 207 0.0666667 
314 207 0.0705882 
315 207 0.0705882 
316 207 0.0666667 
317 207 0.054902 
318 207 0.0470588 
319 207 0.0431373 
303 158 0.756863 
302 158 0.729412 
302 157 0.694118 
301 157 0.662745 
301 156 0.635294 
301 155 0.615686 
301 154 0.603922 
